Names = {'NL20160304_DDR1_B8_control_TechREP1'
'NL20160304_DDR1_B8_control_TechREP2'
'NL20160304_DDR2_B8_1h'
'NL20160304_DDR3_B8_3h'
'NL20160304_DDR4_B8_6h'
'NL20160304_DDR5_B8_24h'
'NL20160304_DDR6_B8_48h'
'NL20160304_DDR7_B8_control _REP1'
'NL20160304_DDR7_B8_control_REP2'
'NL20160304_DDR8_B8_1h_REP2'
'NL20160304_DDR9_B8_3h_REP2'
'NL20160304_DDR10_B8_6h_REP2'
'NL20160304_DDR11_B8_24h_REP2'
'NL20160307_DDR12_B8_48h_REP2'
'NL20160409_DDR1_B8_ctr_REP1'
'NL20160409_DDR1_B8_ctr_REP2'
'NL20160409_DDR2_B8_1hr_REP1'
'NL20160409_DDR3_B8_3hr_REP1'
'NL20160409_DDR5_B8_24hr_REP1'
'NL20160409_DDR6_B8_48hr_REP1'
'NL20160409_DDR7_B8_ctr_REP1'
'NL20160409_DDR7_B8_ctr_REP2'
'NL20160409_DDR7_B8_ctr_REP3'
'NL20160409_DDR8_B8_1hr_REP1'
'NL20160409_DDR9_B8_3hr_REP1'
'NL20160409_DDR9_B8_6hr_REP1'
'NL20160409_DDR10_B8_24hr_REP1'
'NL20160409_DDR11_B8_48hr_REP1'};

ReplicateList = {'REP1'
'REP1'
'REP1'
'REP1'
'REP1'
'REP1'
'REP1'
'REP2'
'REP2'
'REP2'
'REP2'
'REP2'
'REP2'
'REP2'
'REP3'
'REP3'
'REP3'
'REP3'
'REP3'
'REP3'
'REP4'
'REP4'
'REP4'
'REP4'
'REP4'
'REP4'
'REP4'
'REP4'};
%%
RelativeTimeSeriesRaw = [1.2	0.9	2.3	16.2	0.21	4.19;
1.2	1.0	2.4	16.0	0.27	4.18;
0.7	1.5	2.4	15.2	0.32	3.66;
0.9	1.1	2.7	15.3	0.34	4.24;
0.8	1.2	2.7	14.6	0.26	3.96;
0.6	1.1	2.4	15.2	0.31	3.27;
0.8	1.2	1.9	14.1	0.18	2.91;
1.1	1.2	2.6	15.6	0.28	4.32;
0.8	1.4	2.5	15.3	0.33	3.73;
0.6	1.6	2.2	15.5	0.22	3.52;
0.9	1.2	2.3	16.0	0.26	3.82;
0.7	1.2	2.1	14.8	0.25	2.93;
0.7	1.5	2.5	14.6	0.33	3.98;
0.7	1.2	2.1	14.3	0.20	2.95;
0.9	1.1	2.3	14.2	0.06	3.22;
0.7	1.2	2.2	14.4	0.20	2.91;
0.8	1.4	2.6	14.8	0.38	3.45;
0.7	1.6	2.2	14.5	0.34	2.62;
0.7	0.9	2.6	12.9	0.29	2.50;
0.6	1.2	2.0	14.7	0.24	3.27;
0.8	1.4	2.2	15.4	0.08	3.58;
0.8	1.5	2.2	15.5	0.37	3.29;
0.8	1.4	2.3	15.3	0.35	3.57;
0.9	1.2	2.5	15.4	0.30	3.45;
0.8	1.2	2.3	14.6	0.30	3.14;
0.7	1.5	2.2	14.7	0.24	3.62;
0.6	1.0	2.5	10.8	0.23	2.60;
0.8	1.2	2.1	14.3	0.21	3.36;];
%%
ProteinNames = {'H4.K5ac' 	'H4.K8ac' 	'H4.K12ac' 	'H4.K16ac' 	'H4.K5ac K8ac' 	'H4.K12ac K16ac'};
ProteinNames = {'H4.K5ac' 	'H4.K8ac' 	'H4.K12ac' 	'H4.K16ac' 	'H4.K5ac K8ac' 	'H4.K12ac K16ac' 	'H4.K5ac K8ac K12ac'	'H4.K5ac K8ac K16ac'	'H4.K5ac K12ac K16ac' 	'H4.K8ac K12ac K16ac'	'H4.K5ac K8ac K12ac K16ac'	'H4.G4R17_noPTM' 	'H3.K9ac'	'H3.K14ac'	'H3.K9ac K14ac'	'H3.K9me1'	'H3.K9me1 K14ac'	'H3.K9R17_noPTM'	'H3.K18ac'	'H3.K23ac'	'H3.K18ac K23ac'	'H3.K14R26_noPTM'	'H3.K27me1'	'H3.K27me2'	'H3.K27me3'	'H3.K36me2'	'H3.K27me1K36me1'	'H3.K27me1K36me2'	'H3.K27me1K36me3'	'H3.K27me2K36me1'	'H3.K27me2K36me2'	'H3.K27R40_noPTM'	'H3.K79me1'	'H3.K79me2'	'H3.E73R83_noPTM'	'Ratio_H4_G4R17_1Ac'	'Ratio_H4_G4R17_2Ac'	'Ratio_H4_G4R17_3Ac'	'Ratio_H4_G4R17_4Ac'};